        1997           5          24          17   19.090956    
        1997           5          27          17   25.539099    
        1997           6           6           5   11.178379    
        1997           6           9           5   18.735384    
        1997           6          15           5   46.173946    
        1997           6          15          17   50.866917    
        1997           6          18           5   44.455257    
        1997           6          19          16   28.059046    
        1997           6          28           5   51.769573    
        1997           7           1           5   48.244114    
        1997           7           1          17   59.469856    
        1997           7           4           5   26.756987    
        1997           7           8           5   24.176411    
        1997           7          11           5   59.103477    
        1997           7          20          17   78.260986    
        1997           7          27          17   21.627949    
        1997           8           2           5   27.977875    
        1997           8           5           5   25.280157    
        1997           8           5          17   30.129299    
        1997           8           8           5   69.687622    
        1997           8          15           5   75.507393    
        1997           8          21           5   70.173851    
        1997           8          24           5   55.279747    
        1997           8          24          17   77.191620    
        1997           8          27           5   27.353527    
        1997           9           6           5   29.017155    
        1997           9           9           5   30.559278    
        1997           9           9          17   79.875458    
        1997           9          12           5   30.411831    
        1997           9          16           5   24.606897    
        1997           9          19           5   39.321266    
        1997           9          22           5   56.157188    
        1997           9          25           5   74.602959    
        1997           9          25          17   83.815643    
        1997           9          28           5   58.998066    
        1997           9          28          17   73.684944    
        1997          10          11           5   67.498940    
        1997          10          14           5   67.186493    
        1997          10          14          17   80.095032    
        1997          10          17           5   45.725323    
        1997          10          24           5   82.410355    
        1997          10          24          17   73.621712    
        1997          10          27           5   67.239090    
        1997          10          27          17   66.033455    
        1997          10          30           5   45.894730    
        1997          10          30          17   56.574886    
        1997          11           5           5   33.353725    
        1997          11          12           5   37.192921    
        1997          11          18           5   29.208832    
        1997          11          18          17   29.969244    
        1997          11          21           5   26.617571    
        1997          11          25           5   23.121204    
        1997          11          28           5   55.771114    
        1997          11          28          17   72.617317    
        1997          12           1           5   58.265587    
        1997          12           1          17   56.857010    
        1997          12           4           5   49.506588    
        1997          12           4          17   76.255150    
        1997          12           7           5   56.144379    
        1997          12           7          17   58.018539    
        1997          12          10           5   63.473713    
        1997          12          14           5   38.924515    
        1997          12          17           5   35.048172    
        1997          12          23           5   71.562889    
        1997          12          26           5   68.481972    
        1997          12          26          17   74.189728    
        1997          12          30           5   70.783531    
        1998           1           2           5   71.127922    
        1998           1           2          17   59.920353    
        1998           1           5           5   80.187378    
        1998           1           5          17   80.951317    
        1998           1           8           5   45.992367    
        1998           1           8          17   60.867157    
        1998           1          11           5   20.843445    
        1998           1          11          17   17.976669    
        1998           1          14           5   18.600956    
        1998           1          18           5   79.506325    
        1998           1          21           5   61.014450    
        1998           1          24           5   31.600616    
        1998           1          24          17   53.608326    
        1998           1          27           5   35.527950    
        1998           1          27          17   48.008892    
        1998           1          30          17   28.549946    
        1998           2           2           5   55.490486    
        1998           2           3           5   70.233154    
        1998           2           6           5   47.473797    
        1998           2           9           5   52.584656    
        1998           2          12           5   41.371765    
        1998           2          12          17   49.761467    
        1998           2          15           5   43.532043    
        1998           2          18           5   32.811367    
        1998           2          22           5   39.793480    
        1998           2          25           5   33.761768    
        1998           2          25          17   36.320000    
        1998           2          28           5   20.088846    
        1998           2          28          17   17.334463    
        1998           3           3           5   12.730463    
        1998           3           3          17   10.930785    
        1998           3           6           5   15.186774    
        1998           3           6          17   2.5431426    
        1998           3          13           5   19.877821    
        1998           3          16           5   70.739326    
        1998           3          19          17   52.879829    
        1998           4           1           5   59.339123    
        1998           4           1          17   49.009258    
        1998           4           4           5   32.357891    
        1998           4           4          17   36.661869    
        1998           4           7           5   75.504684    
        1998           4           7          17   72.223984    
        1998           4          10           5   37.552372    
        1998           4          10          17   59.652802    
        1998           4          14           5   13.081100    
        1998           4          17           5   15.633688    
        1998           4          20           5   11.194602    
        1998           4          23           5   11.723188    
        1998           4          23          17   11.609295    
        1998           4          26           5   18.870090    
        1998           4          29           5   44.760769    
        1998           5           3           5   56.681000    
        1998           5           6           5   33.519691    
        1998           5           9           5   55.868603    
        1998           5           9          17   60.396366    
        1998           5          12           5   41.882637    
        1998           5          12          17   46.771709    
        1998           5          15           5   73.078781    
        1998           5          15          17   86.804420    
        1998           5          19           5   20.938145    
        1998           5          22           5   18.180923    
        1998           5          25           5   73.390427    
        1998           5          28           5   43.599155    
        1998           5          31           5   44.187462    
        1998           6           3           5   29.339964    
        1998           6           7           5   3.3598783    
        1998           6          10           5   28.797333    
        1998           6          13           5   15.025377    
        1998           6          13          17   29.713110    
        1998           6          16           5   14.925054    
        1998           6          16          17   17.247297    
        1998           6          19           5   22.678949    
        1998           6          19          17  0.83866084    
        1998           6          23           5   27.481867    
        1998           6          26           5   22.344683    
        1998           6          29           5   24.196974    
        1998           7           2           5   57.835899    
        1998           7           2          17   73.212585    
        1998           7           5           5   22.208235    
        1998           7           5          17   33.614273    
        1998           7           8           5   74.476151    
        1998           7          12           5   93.953568    
        1998           7          15           5   39.042355    
        1998           7          15          17   30.288084    
        1998           7          18           5   26.461849    
        1998           7          18          17   25.634302    
        1998           7          21           5   33.028713    
        1998           7          21          17   16.669903    
        1998           7          24           5   28.321999    
        1998           7          24          17   13.323794    
        1998           7          31           5   58.088108    
        1998           8           3           5   31.880560    
        1998           8           6           5   26.012436    
        1998           8           6          17   17.459082    
        1998           8           9          17   17.208086    
        1998           8          12           5   35.431625    
        1998           8          16           5   51.908947    
        1998           8          19           5   23.106285    
        1998           8          19          17   17.069910    
        1998           8          22           5   24.165482    
        1998           8          22          17   15.541161    
        1998           8          25           5   25.758486    
        1998           8          25          17   10.401095    
        1998           8          28           5   78.229958    
        1998           8          28          17   89.481689    
        1998           9           1           5   10.094351    
        1998           9           4           5   27.871775    
        1998           9           7           5   19.953089    
        1998           9          10           5   19.628746    
        1998           9          13           5   16.004843    
        1998           9          13          17   26.298357    
        1998           9          20           5   20.554153    
        1998           9          23          17   74.078453    
        1998           9          26           5   21.793095    
        1998           9          29           5   24.105135    
        1998           9          29          17   16.306223    
        1998          10           2           5   84.217041    
        1998          10           2          17   85.215897    
        1998          10           6           5   75.931038    
        1998          10           9           5   54.027473    
        1998          10          12           5   22.515579    
        1998          10          12          17   28.032169    
        1998          10          15           5   27.823996    
        1998          10          15          17   18.095629    
        1998          10          18           5   30.333164    
        1998          10          18          17   44.919651    
        1998          10          21           5   25.901060    
        1998          10          25           5   43.436440    
        1998          10          28           5   21.741879    
        1998          10          31           5   81.703102    
        1998          11           3           5   78.584373    
        1998          11           3          17   54.092541    
        1998          11           6           5   61.816257    
        1998          11           6          17   76.740250    
        1998          11          10           5   54.541988    
        1998          11          13           5   44.711140    
        1998          11          16           5   43.720036    
        1998          11          19           5   36.473076    
        1998          11          22           5   38.067005    
        1998          11          22          17   37.627060    
        1998          11          25           5   35.858288    
        1998          12           2           5   49.905285    
        1998          12           5           5   56.508728    
        1998          12           8           5   45.767738    
        1998          12           8          17   50.762001    
        1998          12          11           5   34.815319    
        1998          12          11          17   40.761158    
        1998          12          15           5   47.763760    
        1998          12          18           5   42.142944    
        1998          12          18          17   45.132397    
        1998          12          21          17   9.0083714    
        1998          12          24           5   8.0763597    
        1998          12          27           5   13.690186    
        1998          12          27          17   32.271030    
        1998          12          30           5   5.4415088    
        1999           1           3           5   4.7443452    
        1999           1           6           5   2.8618317    
        1999           1           6          17   14.282368    
        1999           1           9          17   5.3579817    
        1999           1          12           5   10.464833    
        1999           1          12          17   13.036163    
        1999           1          15           5   15.142481    
        1999           1          19           5   39.807003    
        1999           1          22           5   15.913784    
        1999           1          22          17   26.866947    
        1999           1          25           5   15.314185    
        1999           1          25          17   13.155884    
        1999           1          28           5   16.249283    
        1999           1          28          17   16.865534    
        1999           1          31           5   74.358986    
        1999           2           3           5   58.025375    
        1999           2           4          16   46.790890    
        1999           2           7           5   65.640350    
        1999           2           7          17   61.066051    
        1999           2          10           5   68.182014    
        1999           2          10          17   59.924713    
        1999           2          13          17   44.574364    
        1999           2          16           5   36.868584    
        1999           2          16          17   51.542324    
        1999           2          19           5   23.016445    
        1999           2          19          17   22.254128    
        1999           2          23           5   60.658978    
        1999           2          26           5   37.143757    
        1999           3           1           5   19.806274    
        1999           3           1          17   24.332582    
        1999           3           4          17   17.893604    
        1999           3           7           5   11.643957    
        1999           3           7          17   14.678145    
        1999           3          14          17   45.242924    
        1999           3          17           5   75.885406    
        1999           3          17          17   68.169708    
        1999           3          20           5   66.137032    
        1999           3          20          17   68.566704    
        1999           3          26           5   41.432781    
        1999           3          26          17   53.913757    
        1999           3          30           5   41.295303    
        1999           4           2           5   31.542126    
        1999           4           5           5   52.024952    
        1999           4           5          17   61.609608    
        1999           4          11           5   30.283283    
        1999           4          11          17   24.654469    
        1999           4          14           5   69.060905    
        1999           4          18           5   46.464073    
        1999           4          18          17   38.359608    
        1999           4          21           5   34.970722    
        1999           4          21          17   31.849339    
        1999           4          24           5   32.223389    
        1999           4          24          17   40.794056    
        1999           4          27          17   63.120064    
        1999           4          30           5   39.294388    
        1999           4          30          17   60.972019    
        1999           5           4           5   55.510357    
        1999           5           4          17   53.209358    
        1999           5          10           5   62.943260    
        1999           5          10          17   52.545780    
        1999           5          13           5   11.451308    
        1999           5          16           5   32.231487    
        1999           5          16          17   17.081846    
        1999           5          19           5   35.389893    
        1999           5          20          16   43.852993    
        1999           5          23           5   57.157818    
        1999           5          23          17   58.812637    
        1999           5          26          17   66.067780    
        1999           5          29           5   34.743580    
        1999           6           1           5   78.829674    
        1999           6           1          17   66.503166    
        1999           6           4           5   71.009468    
        1999           6           4          17   76.023567    
        1999           6           8          17   33.845009    
        1999           6          11           5   75.438622    
        1999           6          14          17   65.144753    
        1999           6          17           5   53.590950    
        1999           6          20           5   61.445934    
        1999           6          20          17   75.344795    
        1999           6          24          16   74.765083    
        1999           6          27           5   66.265312    
        1999           6          30           5   47.753899    
        1999           6          30          17   64.389931    
        1999           7           3           5   63.211216    
        1999           7           6           5   37.502537    
        1999           7           6          17   42.801315    
        1999           7           9           5   39.110352    
        1999           7           9          17   31.747835    
        1999           7          13           5   59.478493    
        1999           7          19           5   36.038403    
        1999           7          19          17   37.515652    
        1999           7          25           5   36.374889    
        1999           7          25          17   29.060040    
        1999           7          29          16   26.261799    
        1999           8           1           5   46.088417    
        1999           8           1          17   52.068798    
        1999           8           4          17   70.231407    
        1999           8           7           5   62.857342    
        1999           8          10           5   37.060993    
        1999           8          10          17   60.074577    
        1999           8          13           5   35.508511    
        1999           8          13          17   22.876648    
        1999           8          20           5   38.831676    
        1999           8          23          17   36.607765    
        1999           8          26           5   37.207497    
        1999           8          29           5   38.337624    
        1999           8          29          17   21.824564    
        1999           9           1           5   37.655350    
        1999           9           2          16   27.000551    
        1999           9           5           5   57.373123    
        1999           9           5          17   40.436749    
        1999           9           8          17   46.468899    
        1999           9          11           5   85.010834    
        1999           9          14           5   37.506344    
        1999           9          14          17   76.614822    
        1999           9          17           5   39.254913    
        1999           9          17          17   77.123070    
        1999           9          21           5   96.463638    
        1999           9          21          17   62.718330    
        1999           9          27           5   33.951538    
        1999           9          27          17   47.170708    
        1999           9          30           5   64.382019    
        1999          10           3           5   32.848942    
        1999          10           6           5   27.761190    
        1999          10          19           5   24.154427    
        1999          10          19          17   11.201735    
        1999          10          22           5   31.398275    
        1999          10          22          17   2.6121638    
        1999          10          26          17   30.229179    
        1999          10          29           5   11.079446    
        1999          10          29          17   33.521309    
        1999          11           1           5   53.572956    
        1999          11           4           5   19.542452    
        1999          11           7           5   38.185753    
        1999          11          11          16   38.769001    
        1999          11          14           5   28.424738    
        1999          11          14          17   32.549419    
        1999          11          17           5   11.973747    
        1999          11          23           5   42.589924    
        1999          11          30           5   31.500643    
        1999          11          30          17   35.711277    
        1999          12           3           5   63.930511    
        1999          12           9           5   74.120224    
        1999          12          12           5   52.754841    
        1999          12          15           5   40.342014    
        1999          12          19           5   47.748859    
        1999          12          19          17   44.245888    
        1999          12          22          17   35.610958    
        1999          12          25           5   25.419882    
        1999          12          28           5   12.141034    
        1999          12          28          17   26.042215    
        2000           1           4           5   32.712624    
        2000           1           7           5   24.285629    
        2000           1          10          17   25.345226    
        2000           1          13           5   15.695923    
        2000           1          16           5   18.230789    
        2000           1          16          17   6.1357632    
        2000           1          19           5   14.546583    
        2000           1          20          16   11.056987    
        2000           1          23          17   22.360353    
        2000           1          26           5   9.3461256    
        2000           1          26          17   4.0379033    
        2000           2           1           5   35.999954    
        2000           2           4           5   40.967228    
        2000           2           4          17   64.222481    
        2000           2          14           5   11.159959    
        2000           2          14          17   14.733019    
        2000           2          20           5   17.526247    
        2000           2          20          17   28.367308    
        2000           2          23           5   85.122284    
        2000           2          24          16   57.912289    
        2000           2          27           5   73.166267    
        2000           2          27          17   60.766647    
        2000           3           1          17   38.420666    
        2000           3           4           5   62.951412    
        2000           3           7           5   57.880672    
        2000           3           7          17   64.366684    
        2000           3          10           5   48.531570    
        2000           3          10          17   71.273842    
        2000           3          14           5   72.599510    
        2000           3          14          17   44.805260    
        2000           3          17           5   71.895981    
        2000           3          26           5   59.247650    
        2000           3          29           5   62.273270    
        2000           4           5           5   53.223587    
        2000           4           5          17   51.528419    
        2000           4           8           5   23.285088    
        2000           4          11           5   29.705870    
        2000           4          11          17   22.520140    
        2000           4          14           5   18.083181    
        2000           4          14          17   15.839634    
        2000           4          18           5   48.951935    
        2000           4          18          17   31.145607    
        2000           4          24           5   16.564545    
        2000           4          24          17   20.457058    
        2000           4          30           5   25.214483    
        2000           4          30          17   43.340691    
        2000           5           3           5   38.892551    
        2000           5           7           5   17.707413    
        2000           5           7          17   26.262985    
        2000           5          10          17   48.255756    
        2000           5          13           5   8.4413433    
        2000           5          16          17   17.947117    
        2000           5          19           5   26.414213    
        2000           5          19          17   4.0993719    
        2000           5          23           5   10.733241    
        2000           5          26           5   58.787151    
        2000           5          29          17   61.450623    
        2000           6           1           5   31.847586    
        2000           6           7           5   23.631315    
        2000           6          11           5   21.253525    
        2000           6          14           5   52.403996    
        2000           6          14          17   65.277817    
        2000           6          20           5   40.372795    
        2000           6          20          17   57.889317    
        2000           6          23           5   43.796738    
        2000           6          23          17   57.518963    
        2000           6          27           5   82.974632    
        2000           6          27          17   50.761589    
        2000           7           9           5   29.995480    
        2000           7          12           5   33.842556    
        2000           7          16           5   31.422377    
        2000           7          19          17   30.600346    
        2000           7          22           5   82.618782    
        2000           7          25          17   59.845837    
        2000           7          28           5   28.168253    
        2000           7          28          17   35.944508    
        2000           8           1           5   43.846260    
        2000           8           1          17   25.548342    
        2000           8           4           5   41.085194    
        2000           8           4          17   30.480846    
        2000           8           7          17   28.118067    
        2000           8          10           5   34.841896    
        2000           8          13           5   30.231472    
        2000           8          16           5   30.737720    
        2000           8          20           5   29.342257    
        2000           8          23           5   27.893568    
        2000           8          26           5   30.044796    
        2000           8          29           5   28.314537    
        2000           9           1           5   30.088514    
        2000           9           5           5   21.010263    
        2000           9           5          17   25.258144    
        2000           9           8           5   27.039623    
        2000           9           8          17   25.515011    
        2000           9          11           5   25.083441    
        2000           9          11          17   22.877977    
        2000           9          14           5   29.705112    
        2000           9          17           5   18.777271    
        2000           9          17          17   10.715788    
        2000           9          20           5   25.348661    
        2000           9          24           5   36.501114    
        2000           9          27          17   28.142128    
        2000           9          30           5   25.529577    
        2000          10           3           5   30.611858    
        2000          10           6           5   67.515503    
        2000          10           6          17   64.828400    
        2000          10          13           5   17.695313    
        2000          10          16           5   89.671822    
        2000          10          16          17   85.188011    
        2000          10          19           5   46.529572    
        2000          10          22           5   91.504929    
        2000          10          22          17   90.995483    
        2000          10          26          16   76.647583    
        2000          10          29          17   73.444000    
        2000          11           1           5   77.016808    
        2000          11           1          17   69.110329    
        2000          11           4           5   62.339184    
        2000          11           4          17   61.214920    
        2000          11           7           5   62.172733    
        2000          11          10           5   33.181931    
        2000          11          10          17   54.699711    
        2000          11          14           5   50.144001    
        2000          11          14          17   54.180897    
        2000          11          17           5   31.958284    
        2000          11          20          17   29.920172    
        2000          11          26           5   23.273598    
        2000          11          26          17   20.438890    
        2000          12           9           5   11.570876    
        2000          12           9          17   17.725653    
        2000          12          12           5   9.6973600    
        2000          12          12          17   1.1783161    
        2000          12          22           5   11.384654    
        2000          12          25           5   9.7177067    
        2000          12          25          17   5.4223390    
        2000          12          28           5   3.1957324    
        2000          12          28          17   15.321098    
        2000          12          31           5   8.5003910    
        2000          12          31          17   6.4475226    
        2001           1           3           5   8.2474709    
        2001           1           4          16   10.678182    
        2001           1           7           5   43.360294    
        2001           1          10          17   55.559872    
        2001           1          13           5   57.052452    
        2001           1          13          17   57.266861    
        2001           1          16           5   40.699387    
        2001           2          17          17   58.778542    
        2001           2          23          17   63.037331    
        2001           3           8          17   61.642223    
        2001           3          27          17   38.925514    
        2001           3          30          17   47.658512    
        2001           4          22          17   25.238726    
        2001           4          25           5   8.8334770    
        2001           4          28           5   8.4421406    
        2001           4          28          17   8.1099348    
        2001           5           1          17   15.670778    
        2001           5           4           5   42.201492    
        2001           5           4          17   70.044937    
        2001           5          14           5   10.212584    
        2001           5          27           5   15.133789    
        2001           6           2           5   54.650063    
        2001           6           5           5   44.213024    
        2001           6          24           5   34.061581    
        2001           6          27           5   29.058847    
        2001           7           4           5   28.533030    
        2001           7           7           5   35.663982    
        2001           7           7          17   27.389423    
        2001           7          10           5   42.428410    
        2001           7          13          17   6.3537092    
        2001           7          20          17   28.439230    
        2001           7          23          17   30.516237    
        2001           7          26          17   38.802517    
        2001           7          29          17   25.442905    
        2001           8           2          16   11.233370    
        2001           8           8          17   20.414614    
        2001           8          11          17   62.283619    
        2001           8          14          17   22.459974    
        2001           8          17          17   41.088711    
        2001           8          20           5   24.033163    
        2001           8          21           5   16.471127    
        2001           8          24           5   41.980778    
        2001           8          24          17   37.786671    
        2001           8          27           5   18.258173    
        2001           8          27          17   19.616890    
        2001           8          30          17   11.526424    
        2001           9           2          17   25.038612    
        2001           9           5           5   24.458218    
        2001           9           6          16   39.706680    
        2001           9           9           5   67.883339    
        2001           9           9          17   15.718135    
        2001           9          12           5   12.402144    
        2001           9          12          17   14.094126    
        2001           9          15           5   19.313372    
        2001           9          18           5   50.640934    
        2001           9          18          17   86.111870    
        2001           9          21           5   43.850861    
        2001           9          21          17   56.806057    
        2001           9          25           5   18.876972    
        2001           9          28           5   18.081402    
        2001           9          28          17   20.913412    
        2001          10           4          17   8.3281584    
        2001          10           7           5   19.977909    
        2001          10           7          17   7.2397733    
        2001          10          10           5   36.567722    
        2001          10          11          16   11.425315    
        2001          10          17          17   15.363425    
        2001          10          23          17   5.9386797    
        2001          11           2           5   8.0930796    
        2001          11           2          17   18.348349    
        2001          11           5           5   41.535072    
        2001          11           8           5   26.872242    
        2001          11           8          17   17.068823    
        2001          11          11           5   23.723267    
        2001          11          11          17   7.0008731    
        2001          11          14           5   25.013092    
        2001          11          21           5   19.936672    
        2001          11          21          17   22.237049    
        2001          11          24           5   59.734974    
        2001          12           4           5   7.5440745    
        2001          12           7           5   4.0875077    
        2001          12          10           5   4.8035922    
        2001          12          10          17   6.9776244    
        2001          12          13           5   65.103462    
        2001          12          13          17   48.460445    
        2001          12          16           5   35.339993    
        2001          12          19           5   14.654177    
        2001          12          20          16   10.195754    
        2001          12          23           5   5.0320740    
        2001          12          23          17   7.1076274    
        2002           1           1           5   4.3337865    
        2002           1           4           5   3.9612105    
        2002           1           4          17  0.28456363    
        2002           1          11           5   3.4593763    
        2002           1          11          17   5.8875675    
        2002           1          14           5   3.6724119    
        2002           1          14          17   3.1660619    
        2002           1          17           5   5.3064570    
        2002           1          17          17   2.7632830    
        2002           1          30          17   82.050682    
        2002           2           2           5   69.284035    
        2002           2           5           5   62.478443    
        2002           2           8          17   80.747871    
        2002           2          12           5   52.209198    
        2002           2          24          17   34.164639    
        2002           3          22           5   6.8384523    
        2002           3          22          17   7.8613696    
        2002           3          28          17   9.3830795    
        2002           3          31           5   6.9745703    
        2002           3          31          17   1.1053301    
        2002           4           4          16   3.8746507    
        2002           4           7           5   1.7237310    
        2002           4          10           5   29.655054    
        2002           4          13           5   23.169790    
        2002           4          13          17   49.544704    
        2002           4          19           5   14.996329    
        2002           4          23           5   13.503526    
        2002           4          23          16   29.193697    
        2002           4          26           5   22.654591    
        2002           4          29           5   14.888698    
        2002           5           2          17   8.3495312    
        2002           5           5           5   11.632701    
        2002           5           5          17   22.049606    
        2002           5           9          16   39.158413    
        2002           5          12          17   29.719622    
        2002           5          18           5   28.665411    
        2002           5          18          17   34.098072    
        2002           5          28           5   75.941368    
        2002           5          28          16   54.646030    
        2002           6           3           5   12.803065    
        2002           6           3          17   8.7073832    
        2002           6           6           5   58.624641    
        2002           6           9           5   28.466108    
        2002           6           9          17   36.315033    
        2002           6          13          16   71.034004    
        2002           6          16           5   80.233505    
        2002           6          16          17   51.607250    
        2002           6          19           5   45.109310    
        2002           6          19          17   37.664745    
        2002           6          22           5   23.985394    
        2002           6          22          17   31.866226    
        2002           6          25          17   18.358524    
        2002           6          28           5   33.276875    
        2002           7           2           5   79.120453    
        2002           7           2          16   42.293144    
        2002           7           5           5   34.273376    
        2002           7           8           5   22.236025    
        2002           7           8          17   27.742756    
        2002           7          11           5   53.794727    
        2002           7          11          17   80.415382    
        2002           7          14           5   30.669855    
        2002           7          18          16   20.662214    
        2002           7          21           5   42.584702    
        2002           7          21          17   21.133247    
        2002           7          24           5   85.211945    
        2002           7          27           5   22.252995    
        2002           7          30          17   71.471024    
        2002           8           2           5   24.436674    
        2002           8           2          17   7.4664493    
        2002           8           6           5   22.478504    
        2002           8           6          16   11.454333    
        2002           8           9          17   12.886990    
        2002           8          12           5   18.217367    
        2002           8          12          17   77.910294    
        2002           8          15          17   61.812752    
        2002           8          18           5   28.427502    
        2002           8          18          17   28.687710    
        2002           8          22          16   14.644822    
        2002           8          25           5   99.991516    
        2002           8          25          17   54.150719    
        2002           8          28           5   62.829803    
        2002           8          28          17   37.301945    
        2002           8          31           5   22.364550    
        2002           8          31          17   21.825338    
        2002           9           3           5   26.030718    
        2002           9           3          17   12.629494    
        2002           9           6           5   24.818314    
        2002           9           6          17   1.2441941    
        2002           9          10           5   10.456376    
        2002           9          13           5   22.575764    
        2002           9          16           5   42.064705    
        2002           9          16          17   38.325260    
        2002           9          19           5   85.272156    
        2002           9          19          17   76.364777    
        2002           9          22           5   28.313616    
        2002           9          22          17   15.174355    
        2002           9          25           5   14.295908    
        2002           9          26          16   15.905128    
        2002           9          29           5   17.608913    
        2002          10           2           5   19.866310    
        2002          10           2          17   46.872395    
        2002          10           8           5   37.629269    
        2002          10           8          17   42.676128    
        2002          10          11           5   40.804699    
        2002          10          11          17   53.290565    
        2002          10          15           5   15.772623    
        2002          10          15          16   22.152824    
        2002          10          18           5   18.354500    
        2002          10          18          17   25.281620    
        2002          10          21           5   33.853302    
        2002          10          21          17   43.194481    
        2002          10          24           5   74.634453    
        2002          10          24          17   75.685593    
        2002          10          27           5   72.042862    
        2002          10          27          17   67.945580    
        2002          10          30           5   72.470459    
        2002          10          31          16   59.452869    
        2002          11           3           5   75.458778    
        2002          11           6           5   67.234856    
        2002          11           6          17   64.983711    
        2002          11           9           5   53.010880    
        2002          11           9          17   54.308743    
        2002          11          12           5   41.356712    
        2002          11          12          17   38.439301    
        2002          11          15           5   34.091255    
        2002          11          15          17   32.003292    
        2002          11          22           5   21.947807    
        2002          11          22          17   25.057211    
        2002          11          25          17   15.438935    
        2002          11          28           5   14.246758    
        2002          12           1           5   13.479210    
        2002          12           1          17   8.5241671    
        2002          12           4           5   28.805046    
        2002          12           8           5   48.804131    
        2002          12          11           5   61.638062    
        2002          12          11          17   57.888798    
        2002          12          14           5   60.075569    
        2002          12          14          17   63.514919    
        2002          12          17           5   51.193127    
        2002          12          20          17   45.691547    
        2002          12          24           5   36.907612    
        2002          12          27           5   38.564484    
        2002          12          30           5   70.062584    
